Round 1
id:  2465, 1323, 2080, 972, 2296, 33, 23, 33, 22, 24, 33, 9, 4, 4, 14, 12
id:  27
id:  
id:  22, 22, 95, 68
id:  20, 5, 5, 156
id:  110, 116, 155, 120, 111, 146, 85, 70, 46, 48, 31
id:  
id:  
Round 2
id:  8, 8, 8112, 38, 53, 41, 38, 29, 24, 16, 17, 11, 3, 181, 6, 6, 6, 3
id:  3015, 2544, 2808, 30
id:  
id:  1190, 29, 32, 7, 7, 17, 47
id:  40, 50, 13, 13
id:  53, 38, 10
id:  
id:  
Round 3
id:  533, 833, 56, 56, 19, 14, 4, 113, 96, 106, 3, 3, 3, 7, 7, 2, 2
id:  
id:  11
id:  9917, 67, 52, 38, 32, 22, 23, 16, 10, 10, 10
id:  26
id:  661, 16, 5, 5, 10, 123
id:  
id:  
Round 4
id:  225, 221, 6, 3, 3, 4, 42, 3, 4, 2, 2, 2, 3, 3, 2, 2
id:  654, 1020, 120, 132
id:  11
id:  7, 140
id:  13, 13
id:  5510, 38, 30, 21, 10, 6, 6, 6, 38, 38, 10
id:  
id:  
Round 5
id:  56, 56, 1838, 14, 11, 8, 4, 3, 3, 3, 14, 14, 4, 3, 26, 6, 7, 32, 2, 2, 2, 2, 2, 2, 2, 2, 2, 2
id:  54
id:  
id:  272, 10, 7, 7
id:  78
id:  5, 190
id:  
id:  
Round 6
id:  2028, 3, 64, 4, 251, 3, 2, 2, 2, 2, 3, 6, 2, 2, 2, 2, 2, 2, 2, 2, 2, 2
id:  
id:  
id:  16, 7, 7, 10
id:  5
id:  151, 6, 5, 5, 38, 38, 10, 10, 10
id:  
id:  
Round 7
id:  8, 51, 3, 3, 3, 14, 14, 4, 4, 4, 2, 2, 2, 2, 2, 2, 2, 2, 2, 2, 2, 2, 2, 2, 2, 2, 2
id:  2481, 309
id:  
id:  80, 7, 10
id:  
id:  10, 5, 5, 6
id:  
id:  
Round 8
id:  4, 3, 3, 3, 94, 13, 3, 9, 2, 2, 2, 2, 2, 2, 2, 2, 2, 2, 2, 2, 2, 2, 2, 2, 2, 2, 2, 2
id:  
id:  
id:  7, 7, 7
id:  
id:  45, 5, 6, 10, 10
id:  
id:  
Round 9
id:  16, 3, 3, 4, 4, 2, 2, 2, 2, 3, 2, 2, 2, 2, 2, 2, 2, 2, 2, 2, 2, 2, 2, 2, 2, 2, 2, 2, 2, 2
id:  117
id:  
id:  7
id:  
id:  11, 5, 5, 5
id:  
id:  
Round 10
id:  3, 3, 3, 6, 2, 2, 2, 2, 2, 2, 2, 2, 2, 2, 2, 2, 2, 2, 2, 2, 2, 2, 2, 2, 2, 2, 2, 2, 2, 2, 2
id:  
id:  
id:  22, 7, 7
id:  5
id:  5
id:  
id:  
Round 11
id:  8, 3, 2, 2, 2, 2, 2, 2, 2, 2, 2, 2, 2, 2, 2, 2, 2, 2, 2, 2, 2, 2, 2, 2, 2, 2, 2, 2, 2, 2, 2, 2
id:  
id:  
id:  10
id:  13
id:  5, 5
id:  
id:  
Round 12
id:  56, 3, 3, 3, 2, 2, 2, 2, 2, 2, 2, 2, 2, 2, 2, 2, 2, 2, 2, 2, 2, 2, 2, 2, 2, 2, 2, 2, 2, 2, 2, 2, 2, 2, 2
id:  
id:  
id:  
id:  
id:  6
id:  
id:  
Round 13
id:  3, 2, 2, 2, 2, 2, 2, 2, 2, 2, 2, 2, 2, 2, 2, 2, 2, 2, 2, 2, 2, 2, 2, 2, 2, 2, 2, 2, 2, 2, 2, 2, 2, 2, 2
id:  
id:  
id:  
id:  
id:  38
id:  
id:  
Round 14
id:  14, 2, 2, 2, 2, 2, 2, 2, 2, 2, 2, 2, 2, 2, 2, 2, 2, 2, 2, 2, 2, 2, 2, 2, 2, 2, 2, 2, 2, 2, 2, 2, 2, 2, 2, 2
id:  
id:  
id:  
id:  
id:  
id:  
id:  
Round 15
id:  2, 2, 2, 2, 2, 2, 2, 2, 2, 2, 2, 2, 2, 2, 2, 2, 2, 2, 2, 2, 2, 2, 2, 2, 2, 2, 2, 2, 2, 2, 2, 2, 2, 2, 2
id:  
id:  
id:  
id:  
id:  10
id:  
id:  
Round 16
id:  4, 2, 2, 2, 2, 2, 2, 2, 2, 2, 2, 2, 2, 2, 2, 2, 2, 2, 2, 2, 2, 2, 2, 2, 2, 2, 2, 2, 2, 2, 2, 2, 2, 2, 2, 2
id:  
id:  
id:  
id:  
id:  
id:  
id:  
Round 17
id:  2, 2, 2, 2, 2, 2, 2, 2, 2, 2, 2, 2, 2, 2, 2, 2, 2, 2, 2, 2, 2, 2, 2, 2, 2, 2, 2, 2, 2, 2, 2, 2, 2, 2, 2
id:  
id:  
id:  7
id:  
id:  
id:  
id:  
Round 18
id:  2, 2, 2, 2, 2, 2, 2, 2, 2, 2, 2, 2, 2, 2, 2, 2, 2, 2, 2, 2, 2, 2, 2, 2, 2, 2, 2, 2, 2, 2, 2, 2, 2, 2, 2
id:  
id:  
id:  
id:  
id:  5
id:  
id:  
Round 19
id:  3, 2, 2, 2, 2, 2, 2, 2, 2, 2, 2, 2, 2, 2, 2, 2, 2, 2, 2, 2, 2, 2, 2, 2, 2, 2, 2, 2, 2, 2, 2, 2, 2, 2, 2, 2
id:  
id:  
id:  
id:  
id:  
id:  
id:  
Round 20
id:  2, 2, 2, 2, 2, 2, 2, 2, 2, 2, 2, 2, 2, 2, 2, 2, 2, 2, 2, 2, 2, 2, 2, 2, 2, 2, 2, 2, 2, 2, 2, 2, 2, 2, 2, 2
id:  
id:  
id:  
id:  
id:  
id:  
id:  
316888
